printf "\e[49m                                               \e[m
\e[49m                     \e[38;5;233;49m▄▄▄\e[49m                       \e[m
\e[49m                   \e[38;5;234;48;5;233m▄▄\e[38;5;68;48;5;235m▄\e[38;5;80;48;5;236m▄▄\e[38;5;25;48;5;23m▄\e[38;5;234;48;5;234m▄\e[38;5;233;49m▄\e[49m                    \e[m
\e[49m                 \e[38;5;234;48;5;233m▄\e[38;5;4;48;5;234m▄\e[38;5;26;48;5;4m▄\e[38;5;26;48;5;26m▄\e[38;5;33;48;5;26m▄\e[38;5;27;48;5;17m▄\e[38;5;17;48;5;67m▄\e[38;5;24;48;5;74m▄\e[38;5;238;48;5;74m▄\e[38;5;94;48;5;238m▄\e[38;5;236;48;5;234m▄\e[38;5;233;49m▄\e[49m                  \e[m
\e[49m                \e[38;5;234;49m▄\e[38;5;236;48;5;234m▄\e[38;5;4;48;5;4m▄\e[38;5;234;48;5;26m▄\e[38;5;68;48;5;24m▄\e[38;5;75;48;5;75m▄\e[38;5;75;48;5;81m▄\e[38;5;74;48;5;60m▄\e[38;5;24;48;5;234m▄\e[38;5;237;48;5;166m▄\e[38;5;166;48;5;180m▄\e[38;5;130;48;5;173m▄\e[38;5;234;48;5;166m▄\e[38;5;233;49m▄\e[49m                 \e[m
\e[49m                \e[38;5;233;48;5;234m▄\e[38;5;234;48;5;236m▄\e[38;5;234;48;5;234m▄\e[38;5;242;48;5;234m▄\e[38;5;25;48;5;24m▄\e[38;5;25;48;5;68m▄\e[38;5;235;48;5;68m▄\e[38;5;234;48;5;68m▄\e[38;5;67;48;5;81m▄\e[38;5;80;48;5;24m▄\e[38;5;61;48;5;238m▄\e[38;5;67;48;5;238m▄\e[38;5;238;48;5;234m▄\e[38;5;233;48;5;233m▄\e[49m                 \e[m
\e[49m                \e[38;5;233;48;5;233m▄\e[38;5;234;48;5;234m▄\e[38;5;166;48;5;166m▄\e[38;5;234;48;5;235m▄\e[38;5;24;48;5;24m▄\e[38;5;237;48;5;235m▄\e[38;5;173;48;5;95m▄\e[38;5;252;48;5;248m▄\e[38;5;237;48;5;238m▄\e[38;5;58;48;5;236m▄\e[38;5;237;48;5;67m▄\e[38;5;236;48;5;242m▄\e[49;38;5;235m▀\e[49m                  \e[m
\e[49m              \e[38;5;233;49m▄\e[38;5;234;49m▄\e[38;5;236;48;5;234m▄\e[38;5;4;48;5;234m▄\e[38;5;26;48;5;234m▄\e[38;5;234;48;5;233m▄\e[38;5;234;48;5;24m▄\e[38;5;94;48;5;238m▄\e[38;5;173;48;5;173m▄\e[38;5;238;48;5;216m▄\e[38;5;234;48;5;216m▄\e[38;5;173;48;5;131m▄\e[38;5;238;48;5;131m▄\e[38;5;233;49m▄\e[49m                   \e[m
\e[49m         \e[38;5;235;48;5;234m▄\e[38;5;241;48;5;233m▄▄\e[38;5;234;49m▄\e[38;5;234;48;5;234m▄\e[38;5;17;48;5;234m▄▄\e[38;5;74;48;5;67m▄\e[38;5;68;48;5;26m▄\e[38;5;33;48;5;27m▄\e[38;5;27;48;5;25m▄\e[38;5;235;48;5;234m▄\e[38;5;235;48;5;235m▄\e[38;5;235;48;5;95m▄\e[38;5;94;48;5;130m▄\e[38;5;52;48;5;130m▄\e[38;5;24;48;5;237m▄\e[38;5;25;48;5;235m▄\e[38;5;17;48;5;233m▄\e[38;5;232;49m▄\e[49m \e[38;5;233;49m▄\e[38;5;242;48;5;234m▄\e[38;5;239;48;5;234m▄\e[38;5;237;48;5;233m▄\e[38;5;239;48;5;233m▄\e[38;5;233;49m▄\e[49m           \e[m
\e[49m       \e[38;5;233;48;5;233m▄▄\e[38;5;249;48;5;245m▄\e[38;5;239;48;5;7m▄\e[38;5;249;48;5;234m▄\e[38;5;243;48;5;234m▄\e[38;5;236;48;5;243m▄\e[38;5;242;48;5;234m▄\e[38;5;33;48;5;26m▄\e[38;5;33;48;5;32m▄\e[38;5;26;48;5;81m▄\e[38;5;68;48;5;24m▄\e[38;5;236;48;5;4m▄\e[38;5;67;48;5;234m▄\e[38;5;74;48;5;25m▄\e[38;5;25;48;5;26m▄\e[38;5;26;48;5;26m▄\e[38;5;33;48;5;26m▄\e[38;5;235;48;5;234m▄\e[38;5;234;48;5;17m▄\e[38;5;235;48;5;234m▄\e[38;5;25;48;5;233m▄\e[38;5;17;48;5;233m▄\e[38;5;240;48;5;8m▄\e[38;5;240;48;5;248m▄\e[38;5;239;48;5;238m▄\e[38;5;246;48;5;234m▄\e[38;5;7;48;5;238m▄\e[38;5;8;48;5;239m▄\e[38;5;233;48;5;233m▄\e[49m          \e[m
\e[49m       \e[38;5;233;48;5;233m▄▄\e[38;5;240;48;5;248m▄\e[38;5;254;48;5;246m▄\e[38;5;253;48;5;253m▄\e[38;5;242;48;5;249m▄\e[38;5;239;48;5;234m▄\e[38;5;234;48;5;238m▄\e[38;5;25;48;5;26m▄\e[38;5;25;48;5;27m▄\e[38;5;234;48;5;25m▄\e[38;5;233;48;5;60m▄\e[38;5;68;48;5;24m▄\e[38;5;75;48;5;74m▄\e[38;5;32;48;5;75m▄\e[38;5;68;48;5;68m▄\e[38;5;25;48;5;26m▄\e[38;5;25;48;5;33m▄\e[38;5;234;48;5;235m▄\e[38;5;235;48;5;234m▄\e[38;5;25;48;5;24m▄\e[38;5;26;48;5;26m▄\e[38;5;17;48;5;17m▄\e[38;5;237;48;5;236m▄\e[38;5;236;48;5;236m▄\e[38;5;241;48;5;236m▄\e[38;5;246;48;5;59m▄\e[38;5;246;48;5;247m▄\e[38;5;242;48;5;245m▄\e[38;5;233;48;5;233m▄\e[49m          \e[m
\e[49m         \e[38;5;233;48;5;234m▄\e[38;5;235;48;5;236m▄\e[38;5;237;48;5;102m▄\e[38;5;237;48;5;243m▄▄\e[38;5;234;48;5;234m▄\e[38;5;234;48;5;236m▄\e[38;5;234;48;5;234m▄\e[49;38;5;233m▀\e[38;5;233;48;5;233m▄\e[38;5;236;48;5;24m▄\e[38;5;24;48;5;25m▄\e[38;5;26;48;5;69m▄\e[38;5;27;48;5;69m▄\e[38;5;33;48;5;74m▄\e[38;5;25;48;5;74m▄\e[38;5;234;48;5;235m▄▄\e[38;5;234;48;5;4m▄\e[38;5;234;48;5;18m▄\e[38;5;234;48;5;4m▄\e[38;5;234;48;5;235m▄\e[38;5;236;48;5;239m▄\e[38;5;235;48;5;238m▄\e[38;5;235;48;5;240m▄\e[38;5;237;48;5;59m▄\e[38;5;233;48;5;234m▄\e[49m           \e[m
\e[49m          \e[49;38;5;234m▀▀▀\e[49;38;5;233m▀\e[49;38;5;234m▀\e[49;38;5;233m▀\e[49;38;5;232m▀\e[38;5;233;49m▄\e[38;5;233;48;5;234m▄\e[38;5;234;48;5;234m▄\e[38;5;4;48;5;4m▄\e[38;5;26;48;5;26m▄\e[38;5;27;48;5;27m▄\e[38;5;27;48;5;33m▄\e[38;5;25;48;5;25m▄\e[38;5;234;48;5;234m▄\e[38;5;233;48;5;233m▄\e[49;38;5;233m▀\e[49;38;5;234m▀▀▀▀\e[49;38;5;233m▀\e[49;38;5;234m▀\e[49;38;5;233m▀\e[49m            \e[m
\e[49m                 \e[38;5;234;48;5;234m▄\e[38;5;74;48;5;67m▄\e[38;5;117;48;5;67m▄\e[38;5;60;48;5;236m▄\e[38;5;4;48;5;25m▄\e[38;5;25;48;5;26m▄\e[38;5;4;48;5;25m▄\e[38;5;67;48;5;24m▄\e[38;5;74;48;5;61m▄\e[38;5;24;48;5;237m▄\e[38;5;235;48;5;233m▄\e[38;5;233;49m▄\e[49m                  \e[m
\e[49m               \e[38;5;234;49m▄\e[38;5;234;48;5;233m▄\e[38;5;4;48;5;235m▄\e[38;5;234;48;5;73m▄\e[38;5;60;48;5;81m▄\e[38;5;24;48;5;68m▄\e[38;5;233;48;5;17m▄\e[38;5;233;48;5;236m▄\e[38;5;23;48;5;235m▄\e[38;5;68;48;5;74m▄\e[38;5;67;48;5;117m▄\e[38;5;238;48;5;67m▄\e[38;5;25;48;5;17m▄\e[38;5;24;48;5;234m▄\e[38;5;234;48;5;233m▄\e[38;5;232;49m▄\e[49m                \e[m
\e[49m             \e[38;5;234;49m▄\e[38;5;234;48;5;233m▄\e[38;5;4;48;5;235m▄\e[38;5;25;48;5;4m▄\e[38;5;27;48;5;25m▄▄\e[38;5;25;48;5;235m▄\e[38;5;234;48;5;234m▄\e[49m  \e[49;38;5;233m▀\e[38;5;233;48;5;23m▄\e[38;5;236;48;5;235m▄\e[38;5;26;48;5;24m▄\e[38;5;27;48;5;26m▄\e[38;5;33;48;5;27m▄\e[38;5;27;48;5;25m▄\e[38;5;25;48;5;17m▄\e[38;5;235;48;5;233m▄\e[38;5;233;49m▄\e[49m              \e[m
\e[49m           \e[38;5;234;49m▄▄\e[38;5;4;48;5;234m▄\e[38;5;25;48;5;4m▄\e[38;5;26;48;5;24m▄\e[38;5;33;48;5;26m▄\e[38;5;33;48;5;33m▄▄\e[38;5;27;48;5;27m▄\e[38;5;234;48;5;234m▄\e[49m   \e[38;5;233;48;5;233m▄\e[38;5;236;48;5;236m▄\e[38;5;25;48;5;26m▄\e[38;5;26;48;5;27m▄\e[38;5;33;48;5;33m▄▄\e[38;5;33;48;5;27m▄\e[38;5;26;48;5;4m▄\e[38;5;234;48;5;234m▄\e[38;5;233;49m▄\e[49m             \e[m
\e[49m         \e[38;5;234;49m▄\e[38;5;234;48;5;234m▄\e[38;5;18;48;5;234m▄\e[38;5;4;48;5;4m▄\e[38;5;24;48;5;24m▄\e[38;5;27;48;5;27m▄\e[38;5;33;48;5;33m▄\e[48;5;33m \e[38;5;33;48;5;33m▄▄\e[38;5;26;48;5;27m▄\e[38;5;234;48;5;234m▄\e[49m   \e[38;5;233;48;5;233m▄\e[38;5;236;48;5;236m▄\e[38;5;4;48;5;4m▄\e[38;5;25;48;5;26m▄\e[38;5;27;48;5;33m▄\e[38;5;33;48;5;33m▄\e[38;5;32;48;5;33m▄\e[38;5;26;48;5;27m▄\e[38;5;24;48;5;4m▄\e[38;5;235;48;5;234m▄\e[38;5;233;48;5;233m▄\e[49m            \e[m
\e[49m        \e[38;5;233;49m▄\e[38;5;234;48;5;233m▄\e[38;5;234;48;5;234m▄\e[38;5;234;48;5;4m▄▄\e[38;5;234;48;5;24m▄\e[38;5;4;48;5;26m▄\e[38;5;25;48;5;33m▄\e[38;5;27;48;5;33m▄▄\e[38;5;26;48;5;33m▄\e[38;5;234;48;5;24m▄\e[38;5;232;48;5;234m▄\e[49m   \e[38;5;233;48;5;233m▄\e[38;5;235;48;5;236m▄\e[38;5;4;48;5;4m▄\e[38;5;4;48;5;18m▄\e[38;5;4;48;5;26m▄\e[38;5;234;48;5;26m▄\e[38;5;17;48;5;4m▄\e[38;5;26;48;5;234m▄\e[38;5;27;48;5;234m▄▄\e[38;5;25;48;5;233m▄\e[38;5;234;49m▄\e[38;5;233;49m▄\e[49m          \e[m
\e[49m      \e[38;5;233;49m▄\e[38;5;234;48;5;234m▄\e[38;5;4;48;5;234m▄\e[38;5;4;48;5;4m▄\e[38;5;24;48;5;4m▄\e[38;5;26;48;5;24m▄\e[38;5;33;48;5;26m▄▄\e[38;5;33;48;5;235m▄\e[38;5;26;48;5;234m▄\e[38;5;234;48;5;25m▄\e[38;5;236;48;5;26m▄\e[38;5;234;48;5;4m▄\e[38;5;233;48;5;234m▄\e[49;38;5;233m▀\e[49m    \e[38;5;233;48;5;233m▄\e[38;5;235;48;5;17m▄\e[38;5;234;48;5;4m▄\e[38;5;17;48;5;234m▄\e[38;5;4;48;5;235m▄\e[38;5;25;48;5;25m▄\e[38;5;27;48;5;27m▄\e[38;5;33;48;5;33m▄\e[48;5;33m \e[38;5;33;48;5;27m▄\e[38;5;27;48;5;25m▄\e[38;5;18;48;5;234m▄\e[38;5;234;48;5;233m▄\e[49m         \e[m
\e[49m     \e[38;5;233;48;5;233m▄\e[38;5;234;48;5;234m▄\e[38;5;234;48;5;236m▄\e[38;5;234;48;5;4m▄\e[38;5;234;48;5;24m▄\e[38;5;234;48;5;26m▄\e[38;5;234;48;5;33m▄▄▄▄▄\e[38;5;234;48;5;26m▄\e[38;5;233;48;5;234m▄\e[49;38;5;233m▀▀\e[49m      \e[38;5;233;48;5;234m▄\e[38;5;233;48;5;235m▄\e[38;5;234;48;5;4m▄▄▄\e[38;5;234;48;5;25m▄\e[38;5;234;48;5;26m▄\e[38;5;234;48;5;33m▄▄▄\e[38;5;234;48;5;26m▄\e[38;5;234;48;5;25m▄\e[38;5;233;48;5;233m▄\e[49m        \e[m
\e[49m                                               \e[m
\e[49m                                               \e[m
\e[49m                                               \e[m
";
