printf "\e[49m                                    \e[m
\e[49m                                    \e[m
\e[49m                                    \e[m
\e[49m                                    \e[m
\e[49m          \e[38;5;137;49m▄\e[38;5;179;48;5;101m▄\e[38;5;179;48;5;131m▄\e[49m   \e[38;5;143;49m▄\e[49m                   \e[m
\e[49m          \e[38;5;137;48;5;222m▄\e[38;5;137;48;5;179m▄\e[38;5;240;48;5;179m▄\e[38;5;242;48;5;24m▄\e[38;5;179;48;5;59m▄\e[38;5;66;48;5;186m▄\e[38;5;24;48;5;179m▄\e[38;5;238;49m▄\e[49m                  \e[m
\e[49m         \e[38;5;237;49m▄\e[38;5;144;48;5;137m▄\e[38;5;101;48;5;242m▄\e[38;5;237;48;5;238m▄\e[38;5;241;48;5;137m▄\e[38;5;143;48;5;245m▄\e[38;5;103;48;5;103m▄\e[38;5;67;48;5;60m▄\e[38;5;60;48;5;238m▄\e[38;5;237;48;5;237m▄\e[38;5;236;49m▄\e[49m                \e[m
\e[49m         \e[38;5;236;48;5;237m▄\e[38;5;160;48;5;173m▄\e[38;5;166;48;5;167m▄\e[38;5;131;48;5;131m▄\e[38;5;238;48;5;95m▄\e[38;5;23;48;5;240m▄\e[38;5;237;48;5;24m▄\e[38;5;236;48;5;24m▄\e[38;5;237;48;5;24m▄\e[38;5;237;48;5;237m▄▄\e[49m                \e[m
\e[49m         \e[49;38;5;236m▀\e[38;5;238;48;5;94m▄\e[38;5;137;48;5;95m▄\e[38;5;59;48;5;237m▄\e[38;5;252;48;5;109m▄\e[38;5;95;48;5;60m▄\e[38;5;236;48;5;236m▄\e[38;5;95;48;5;59m▄\e[38;5;237;48;5;236m▄▄\e[38;5;95;48;5;237m▄\e[38;5;143;48;5;95m▄\e[38;5;180;48;5;173m▄\e[38;5;180;48;5;222m▄\e[38;5;173;48;5;215m▄\e[38;5;101;48;5;131m▄\e[38;5;238;48;5;238m▄\e[49m          \e[m
\e[49m       \e[38;5;95;49m▄\e[38;5;95;48;5;137m▄\e[38;5;243;48;5;186m▄\e[38;5;59;48;5;94m▄\e[38;5;239;48;5;173m▄\e[38;5;130;48;5;174m▄\e[38;5;131;48;5;180m▄\e[38;5;238;48;5;131m▄\e[38;5;236;48;5;236m▄\e[38;5;24;48;5;236m▄\e[38;5;68;48;5;60m▄\e[38;5;68;48;5;67m▄\e[38;5;237;48;5;61m▄\e[38;5;236;48;5;238m▄\e[38;5;236;48;5;236m▄\e[38;5;131;48;5;131m▄\e[38;5;237;48;5;239m▄\e[38;5;236;48;5;234m▄\e[38;5;234;49m▄\e[49m          \e[m
\e[49m     \e[38;5;239;49m▄\e[38;5;238;49m▄\e[49m \e[38;5;234;48;5;235m▄\e[38;5;236;48;5;236m▄\e[38;5;237;48;5;24m▄\e[38;5;236;48;5;238m▄\e[38;5;238;48;5;238m▄\e[38;5;59;48;5;238m▄\e[38;5;222;48;5;95m▄\e[38;5;137;48;5;144m▄\e[38;5;236;48;5;60m▄\e[38;5;236;48;5;24m▄\e[38;5;236;48;5;237m▄\e[38;5;236;48;5;236m▄▄\e[38;5;237;48;5;236m▄\e[38;5;236;48;5;131m▄\e[38;5;236;48;5;88m▄\e[38;5;235;48;5;236m▄\e[49;38;5;233m▀\e[49m          \e[m
\e[49m   \e[38;5;242;49m▄\e[38;5;103;48;5;60m▄\e[38;5;145;48;5;103m▄\e[38;5;109;48;5;66m▄\e[38;5;236;49m▄\e[38;5;23;49m▄\e[38;5;54;48;5;236m▄\e[38;5;61;48;5;236m▄\e[38;5;236;48;5;236m▄\e[38;5;67;48;5;238m▄\e[38;5;237;48;5;240m▄\e[38;5;238;48;5;137m▄\e[38;5;61;48;5;60m▄\e[38;5;24;48;5;236m▄\e[38;5;23;48;5;236m▄\e[38;5;236;48;5;236m▄\e[38;5;54;48;5;236m▄\e[38;5;97;48;5;239m▄\e[38;5;60;48;5;103m▄\e[38;5;60;48;5;237m▄\e[38;5;247;48;5;238m▄\e[38;5;60;48;5;240m▄\e[38;5;241;49m▄\e[49m          \e[m
\e[49m  \e[38;5;59;48;5;59m▄\e[38;5;247;48;5;103m▄\e[38;5;103;48;5;146m▄\e[38;5;103;48;5;60m▄\e[38;5;239;48;5;238m▄\e[38;5;238;48;5;239m▄\e[38;5;61;48;5;239m▄\e[38;5;68;48;5;24m▄\e[38;5;24;48;5;60m▄\e[38;5;236;48;5;236m▄\e[38;5;238;48;5;60m▄\e[38;5;60;48;5;236m▄\e[38;5;239;48;5;236m▄\e[38;5;236;48;5;237m▄▄▄\e[38;5;236;48;5;236m▄\e[49;38;5;238m▀\e[38;5;237;48;5;54m▄\e[38;5;61;48;5;60m▄\e[38;5;60;48;5;60m▄\e[38;5;60;48;5;103m▄\e[38;5;103;48;5;146m▄\e[38;5;146;48;5;146m▄\e[38;5;146;48;5;66m▄\e[49m         \e[m
\e[49m  \e[49;38;5;237m▀\e[38;5;241;48;5;60m▄\e[38;5;247;48;5;248m▄\e[38;5;103;48;5;109m▄\e[38;5;238;48;5;59m▄\e[38;5;239;48;5;238m▄\e[38;5;236;48;5;238m▄\e[38;5;237;48;5;24m▄\e[38;5;236;48;5;24m▄\e[38;5;88;48;5;238m▄\e[38;5;124;48;5;97m▄\e[38;5;144;48;5;104m▄\e[38;5;95;48;5;103m▄\e[38;5;180;48;5;96m▄\e[38;5;137;48;5;236m▄\e[38;5;137;48;5;235m▄\e[49m  \e[38;5;237;48;5;237m▄\e[38;5;23;48;5;24m▄\e[38;5;60;48;5;60m▄\e[38;5;146;48;5;60m▄\e[38;5;146;48;5;189m▄\e[38;5;146;48;5;251m▄\e[38;5;242;48;5;248m▄\e[49m         \e[m
\e[49m   \e[49;38;5;239m▀\e[49;38;5;60m▀\e[38;5;236;48;5;59m▄\e[38;5;234;48;5;238m▄\e[49;38;5;236m▀▀▀\e[38;5;54;48;5;237m▄\e[38;5;240;48;5;94m▄\e[38;5;137;48;5;95m▄\e[38;5;238;48;5;137m▄\e[38;5;236;48;5;236m▄\e[38;5;60;48;5;238m▄\e[38;5;61;48;5;236m▄\e[38;5;60;48;5;236m▄\e[38;5;238;49m▄\e[49m  \e[49;38;5;237m▀\e[38;5;236;48;5;238m▄\e[38;5;237;48;5;66m▄\e[38;5;239;48;5;145m▄\e[49;38;5;242m▀\e[49m          \e[m
\e[49m       \e[38;5;237;49m▄\e[38;5;236;48;5;234m▄\e[38;5;237;48;5;236m▄\e[38;5;97;48;5;61m▄\e[38;5;97;48;5;97m▄\e[38;5;60;48;5;95m▄\e[38;5;236;48;5;236m▄▄\e[38;5;61;48;5;67m▄\e[38;5;104;48;5;146m▄\e[38;5;242;48;5;97m▄\e[38;5;236;48;5;236m▄\e[38;5;237;48;5;236m▄\e[38;5;238;48;5;235m▄\e[38;5;236;49m▄\e[49m              \e[m
\e[49m     \e[38;5;238;49m▄\e[38;5;238;48;5;237m▄\e[38;5;143;48;5;238m▄\e[38;5;242;48;5;240m▄\e[38;5;60;48;5;236m▄\e[38;5;24;48;5;239m▄\e[38;5;237;48;5;60m▄\e[38;5;236;48;5;237m▄\e[49m  \e[49;38;5;238m▀\e[38;5;236;48;5;54m▄\e[38;5;238;48;5;236m▄\e[38;5;239;48;5;236m▄\e[38;5;101;48;5;137m▄\e[38;5;95;48;5;95m▄\e[38;5;60;48;5;237m▄\e[38;5;23;48;5;237m▄\e[38;5;237;48;5;238m▄\e[38;5;180;48;5;173m▄\e[38;5;137;48;5;238m▄\e[38;5;58;49m▄\e[49m         \e[m
\e[49m    \e[38;5;237;49m▄\e[38;5;23;48;5;237m▄\e[38;5;24;48;5;95m▄\e[38;5;60;48;5;95m▄\e[38;5;61;48;5;110m▄\e[38;5;61;48;5;74m▄\e[38;5;24;48;5;61m▄\e[38;5;236;48;5;23m▄\e[38;5;236;48;5;237m▄\e[49m   \e[38;5;237;48;5;237m▄\e[38;5;239;48;5;66m▄\e[38;5;62;48;5;61m▄\e[38;5;61;48;5;60m▄\e[38;5;61;48;5;95m▄\e[38;5;24;48;5;61m▄\e[38;5;24;48;5;24m▄\e[38;5;24;48;5;23m▄\e[38;5;237;48;5;237m▄\e[38;5;95;48;5;179m▄\e[38;5;222;48;5;137m▄\e[38;5;237;48;5;237m▄\e[38;5;237;49m▄\e[49m       \e[m
\e[49m   \e[38;5;238;48;5;235m▄\e[38;5;95;48;5;237m▄\e[38;5;173;48;5;239m▄\e[38;5;173;48;5;240m▄\e[38;5;237;48;5;24m▄\e[38;5;24;48;5;61m▄\e[38;5;24;48;5;24m▄\e[38;5;23;48;5;23m▄\e[38;5;237;48;5;236m▄\e[38;5;236;48;5;236m▄\e[49m   \e[38;5;237;48;5;237m▄\e[38;5;23;48;5;23m▄\e[38;5;24;48;5;61m▄\e[38;5;61;48;5;62m▄\e[38;5;245;48;5;242m▄\e[38;5;222;48;5;180m▄\e[38;5;222;48;5;186m▄\e[38;5;215;48;5;245m▄\e[38;5;237;48;5;237m▄\e[38;5;236;48;5;238m▄\e[38;5;237;48;5;179m▄\e[38;5;237;48;5;237m▄\e[38;5;237;48;5;238m▄\e[49m       \e[m
\e[49m  \e[38;5;236;49m▄\e[38;5;237;48;5;238m▄\e[38;5;240;48;5;173m▄\e[38;5;95;48;5;222m▄\e[38;5;95;48;5;179m▄\e[38;5;131;48;5;239m▄\e[38;5;238;48;5;23m▄\e[38;5;237;48;5;23m▄\e[38;5;237;48;5;237m▄\e[38;5;236;48;5;236m▄\e[38;5;236;48;5;235m▄\e[49m   \e[38;5;237;48;5;237m▄\e[38;5;238;48;5;23m▄\e[38;5;239;48;5;24m▄\e[38;5;137;48;5;60m▄\e[38;5;101;48;5;179m▄\e[38;5;24;48;5;101m▄\e[38;5;61;48;5;242m▄\e[38;5;24;48;5;242m▄\e[38;5;61;48;5;239m▄\e[38;5;23;48;5;237m▄\e[38;5;237;48;5;239m▄\e[38;5;8;48;5;243m▄\e[38;5;237;48;5;236m▄\e[49m       \e[m
\e[38;5;238;49m▄\e[38;5;242;49m▄\e[38;5;146;48;5;239m▄\e[38;5;248;48;5;239m▄\e[38;5;239;48;5;24m▄\e[38;5;237;48;5;60m▄\e[38;5;238;48;5;239m▄\e[38;5;238;48;5;237m▄\e[38;5;236;48;5;95m▄▄▄\e[38;5;235;48;5;236m▄\e[49;38;5;234m▀\e[49m    \e[38;5;238;48;5;238m▄\e[38;5;239;48;5;173m▄\e[38;5;237;48;5;95m▄\e[38;5;237;48;5;23m▄\e[38;5;24;48;5;61m▄\e[38;5;60;48;5;61m▄\e[38;5;146;48;5;60m▄\e[38;5;152;48;5;60m▄\e[38;5;67;48;5;24m▄\e[38;5;24;48;5;23m▄\e[38;5;236;48;5;236m▄\e[38;5;235;48;5;234m▄\e[49m       \e[m
\e[38;5;234;48;5;236m▄\e[38;5;236;48;5;239m▄\e[38;5;236;48;5;146m▄\e[38;5;236;48;5;66m▄\e[38;5;236;48;5;237m▄\e[38;5;236;48;5;238m▄\e[38;5;236;48;5;237m▄▄\e[38;5;236;48;5;236m▄▄▄\e[49;38;5;233m▀\e[49m      \e[49;38;5;236m▀\e[38;5;236;48;5;237m▄\e[38;5;236;48;5;238m▄\e[38;5;239;48;5;237m▄\e[38;5;239;48;5;60m▄\e[38;5;59;48;5;252m▄\e[38;5;247;48;5;189m▄\e[38;5;60;48;5;103m▄\e[38;5;236;48;5;238m▄\e[38;5;236;48;5;236m▄▄\e[49m       \e[m
\e[49m                   \e[49;38;5;236m▀▀▀▀▀▀▀▀▀▀\e[49m       \e[m
\e[49m                                    \e[m
";
